0000000000111111 1100000001111111 1100000001111111 1111100100111111 1100000001111111 ;
0000000000111111 1100000001111111 1111100000000001 1100000001111111 ;
1111100000000111 1100000000111111 1111111011111111 1115001011111111 1111111150010111 ;
1111101010111111 1111115115001011 1111111100111111  ;
1111100000000000 1100000001111111 1111111110500101 1115001001111111 1111500000001111 ;
1500101001111111 1111111115001011 1100000000000001 1100000001111111 1111111151150010 ;
1511101000111111  ;
1111111500000001 ;
1111511100011111 1110111110111111  ;
0000000000011111 1100000001111111 1111500000001111 1100000001111111 1100000001150010 ;
0000000000011111 1111500100111111 1111550000000111 1111151500101011 1111500101150010 ;
1111500000000001 1100000001111111 1111115000000011 1111500101150010 ;
0000000000111111 1100000001111111 1111115150000000 1100000001100111 1111500101150010 ;
0000000000111111 1111515000000011 1111111150010111 1110111111111011 1111115001011111 ;
1150000000000111 1100000001111111 1111111150000000 1100000001150010 ;
0000000000111111 1100000001111111 1111111150000000 1110000000000111 1111110500101111  ;
1111111511500101 1111111110111111 1100100000000001 1111111115001011 1151110150010111 ;
1111111110100101 1110100100111111 1100000000111111 1111111115555511  ;
1150000000000111 5000000015001011 1111555550010111 1100000001111111 1111115515515151  ;
0000000000111111 1100000001111111 1100000001111111 1100000001111111  ;
