100 250 420 12200 610 12520 7660 5350 0
250 100 420 610 7660 12200 0
420 610 250 7660 100 10300 13140 0
610 420 7660 250 10300 100 8720 13140 0
700 610 420 7660 250 10300 100 8720 0
1230 27301 27770 27800 18030 17780 0
2910 5350 4740 18030 18500 17780 20520 12200 0
4740 18500 20520 18030 5350 17780 11710 2910 12200 12520 22730 22790 11900 0
5350 4740 12200 20520 2910 11710 12520 18500 18030 11900 17780 100 0
7660 610 420 8720 13140 250 11900 10300 100 16270 13700 0
8720 16270 13140 14711 7660 13700 15480 610 63530 63580 0
10300 68420 610 420 7660 0
11710 12520 20520 12200 11900 22790 22730 4740 5350 18500 22951 18030 17780 13140 0
11900 12520 12200 11710 22790 22730 13140 22951 20520 13700 5350 7660 4740 0
12200 12520 11710 11900 5350 20520 4740 22790 22730 100 18500 13140 250 22951 2910 0
12520 12200 11900 11710 5350 20520 22790 4740 22730 18500 22951 13140 100 0
13050 13140 13700 11900 22951 12520 8720 7660 22790 22730 16270 11710 12200 14711 0
13140 13700 8720 7660 11900 16270 22951 14711 12520 22790 12200 22730 610 11710 420 0
13700 13140 14711 16270 22951 8720 15480 11900 25100 22790 22730 54780 7660 0
14711 16270 15480 13700 8720 13140 61550 63530 54780 63580 60620 0
15430 15480 14711 54780 16270 61550 55550 58480 13700 60620 58390 57390 63530 25100 0
15480 14711 16270 61550 60620 54780 63530 13700 8720 61820 58480 55550 63580 58390 0
15630 15480 14711 61550 60620 16270 54780 63530 58480 61820 58390 13700 55550 63580 59900 57390 8720 0
16270 14711 8720 15480 13700 13140 63530 63580 61550 7660 0
17780 18030 18500 4740 20520 27770 27800 27301 5350 28921 2910 11710 1230 0
18030 17780 18500 4740 20520 5350 2910 27770 11710 1230 27800 27301 28921 0
18500 18030 4740 17780 20520 11710 5350 2910 22730 12200 12520 28921 22790 27770 0
20520 18500 4740 11710 18030 17780 5350 12520 22730 12200 22790 11900 28921 2910 22951 0
22730 22790 22951 11710 20520 11900 25320 12520 25100 28921 29790 31080 25260 12200 18500 25640 4740 13700 13140 0
22790 22730 22951 11710 11900 20520 25320 12520 25100 29790 28921 12200 25260 31080 13700 18500 25640 4740 13140 0
22951 22790 22730 25100 25320 13700 11900 25260 13140 11710 29790 25640 12520 20520 31080 54780 28921 12200 0
24600 28921 31080 22730 20520 22790 18500 31410 17780 29790 18030 11710 25320 4740 32320 22951 32350 25640 25260 0
25100 25260 25320 25640 22951 29790 53950 54780 53730 22790 22730 53700 13700 31080 55550 53130 49631 28921 0
25260 25320 25640 25100 29790 53950 53730 53700 31080 22951 49631 54780 22730 22790 53130 28921 55550 31410 49550 0
25320 25260 29790 25640 25100 22951 31080 53950 22730 22790 53730 28921 53700 49631 31410 54780 0
25640 25260 29790 25320 25100 53950 31080 53730 49631 53700 31410 28921 49550 22951 22730 54780 22790 53130 32350 55550 0
27301 27770 27800 1230 35340 17780 18030 34900 0
27770 27800 27301 17780 1230 18030 34900 35340 18500 32320 32850 0
27800 27770 27301 34900 35340 17780 1230 32320 32850 18030 36490 0
28921 31080 31410 29790 32350 32320 22730 25320 22790 25640 32850 20520 18500 17780 25260 34900 18030 22951 25100 0
29790 25640 25320 25260 31080 25100 28921 31410 53950 22730 22790 49631 22951 53730 32350 53700 49550 0
31080 28921 31410 29790 25640 32350 25320 25260 32320 22730 32850 22790 25100 22951 34900 53950 49631 0
31410 32350 31080 28921 32320 32850 29790 34900 25640 25320 25260 46450 0
31900 31410 32350 32320 28921 32850 31080 34900 29790 27800 27770 25640 0
32320 32850 32350 34900 31410 28921 31080 27800 27770 35340 0
32350 32320 32850 31410 34900 31080 28921 29790 46450 25640 0
32850 32320 34900 32350 31410 28921 31080 35340 27800 36490 27770 0
34900 32850 32320 32350 35340 27800 31410 36490 27770 36300 28921 31080 27301 38421 0
35340 36490 36300 38421 34900 27800 27301 27770 32850 32320 39220 0
36300 36490 38421 35340 39220 41480 34900 42520 0
36490 36300 35340 38421 39220 34900 41480 32850 27800 0
37740 0
38421 36300 36490 39220 41480 35340 42520 42720 42810 34900 0
39220 38421 36300 41480 36490 42520 42720 42810 35340 0
41370 41480 39220 42520 38421 42720 42810 36300 36490 43360 45350 0
41480 42520 42810 42720 39220 38421 45350 36300 36490 43360 44800 45600 0
42520 42810 41480 42720 45350 43360 44800 45600 39220 38421 36300 0
42720 42810 42520 43360 41480 44800 45350 39220 45600 38421 0
42810 42520 42720 41480 45350 43360 44800 45600 39220 38421 0
43360 42720 44800 42810 42520 45600 45350 41480 0
44800 45600 43360 42810 45350 42520 42720 47240 46850 41480 47600 0
45350 45600 42810 42520 44800 41480 46850 46700 42720 47600 43360 47240 46450 47820 47890 0
45600 44800 45350 47240 46850 42810 47600 43360 42520 46700 42720 48090 47890 47820 41480 46450 0
46450 46700 47820 47890 47600 46850 49070 49550 49631 48090 48250 45350 32350 45600 31410 0
46700 47820 46450 47600 46850 47890 48090 49070 45350 48250 45600 49550 47240 49631 0
46850 47600 46700 47890 47820 48090 47240 45600 48250 46450 45350 44800 49070 49550 0
47240 45600 46850 48090 44800 47600 48250 47890 45350 46700 47820 0
47500 47600 46850 47890 47820 46700 48090 48250 46450 47240 45600 49070 45350 49550 44800 0
47600 46850 47890 47820 46700 48090 46450 48250 47240 45600 49070 45350 49550 44800 0
47820 47890 46700 47600 46450 46850 49070 48090 48250 49550 49631 47240 45600 45350 0
47890 47820 47600 46850 48090 46700 48250 46450 49070 49550 47240 45600 49631 45350 0
48090 48250 47890 47600 46850 47820 47240 46700 49070 46450 45600 49550 0
48250 48090 47890 47600 47820 46850 49070 46700 47240 46450 49550 0
49070 49550 49631 47820 47890 46450 52170 46700 47600 48250 48090 53730 53700 46850 53950 53070 53130 52990 0
49351 49070 49550 47820 46450 47890 49631 46700 47600 46850 48090 48250 52170 53730 53950 53700 25640 0
49550 49631 49070 52170 46450 53730 47820 53700 53950 47890 46700 53130 53070 25640 47600 52990 25260 55930 48250 29790 48090 46850 0
49631 49550 49070 53730 53950 53700 25640 52170 53130 25260 46450 53070 29790 47820 25320 55930 52990 47890 25100 46700 55550 31080 0
50150 47890 47820 48250 49070 48090 47600 46700 46850 46450 49550 49631 52170 47240 0
50351 49070 52170 49550 49631 47890 48250 47820 52990 56320 53070 48090 53700 46450 53130 53730 55930 56520 47600 46700 56850 53950 0
52170 52990 53070 56320 55930 53130 49550 53700 56850 49070 56520 49631 53730 56960 53950 55550 57390 56480 57660 0
52990 55930 53070 56850 56320 52170 56960 56520 53130 57390 55550 53700 57660 53730 58480 56480 53950 58390 57810 49631 49550 58780 54780 57850 49070 0
53070 55930 53130 52990 56850 52170 53700 56960 55550 53730 56320 57390 53950 56520 58480 54780 49631 57660 49550 58390 49070 58780 0
53130 53070 53700 55930 55550 53730 52990 53950 56850 56960 52170 54780 57390 49631 58480 56320 49550 56520 25260 57660 58390 25640 25100 49070 0
53700 53730 53950 53130 53070 55550 55930 49631 54780 52170 52990 25260 49550 25640 56850 25100 56960 25320 49070 57390 29790 58480 56320 0
53730 53700 53950 53130 49631 53070 55550 25260 25640 55930 54780 49550 52170 25100 52990 25320 29790 56850 49070 56960 57390 58480 56320 0
53950 53730 53700 25260 25640 53130 49631 25100 25320 55550 54780 53070 29790 49550 55930 52170 52990 49070 56850 56960 31080 0
54320 54780 53950 53730 53700 55550 25100 53130 25260 25640 25320 53070 55930 49631 29790 56960 22951 58480 52990 57390 56850 52170 49550 15480 0
54420 25100 53950 54780 25260 53730 25320 53700 25640 55550 53130 29790 22951 53070 49631 55930 13700 22790 22730 15480 0
54780 55550 53130 53700 53730 53950 25100 58480 55930 53070 15480 25260 57390 56960 14711 25320 56850 58390 25640 13700 52990 22951 0
55550 53130 54780 55930 53070 53700 56960 57390 58480 53730 56850 53950 52990 58390 52170 57660 25100 25260 56320 49631 58780 15480 56520 25640 0
55930 53070 56850 52990 56960 53130 55550 57390 52170 53700 56320 58480 53730 56520 57660 54780 58390 53950 58780 49631 57810 57850 49550 56480 0
56320 56520 52990 56850 52170 56480 55930 53070 56960 57660 57390 57810 53130 57850 55550 53700 58480 58780 58390 53730 0
56480 56520 56320 57810 57660 57850 56850 52990 59250 56960 52170 59450 58780 55930 57390 0
56520 56320 56480 52990 56850 57660 56960 55930 57810 52170 53070 57390 57850 58780 53130 59250 58480 58390 55550 0
56850 56960 55930 52990 57390 53070 57660 56520 56320 53130 58480 55550 52170 58390 58780 57810 53700 57850 56480 53730 54780 59670 53950 59250 59900 0
56960 56850 57390 55930 52990 58480 57660 53070 55550 58390 53130 56520 56320 58780 57850 57810 52170 53700 54780 53730 59670 59900 56480 59250 53950 0
57390 56960 58480 58390 56850 57660 55930 58780 55550 52990 53070 53130 57850 57810 56520 59900 59670 56320 54780 53700 59250 52170 53730 59450 56480 60890 60620 0
57660 57810 57850 58780 57390 56960 56850 58390 56520 58480 59250 59670 56320 52990 55930 59450 56480 59900 53070 55550 53130 52170 60890 0
57810 57850 59250 57660 59450 58780 59670 56480 56520 57390 58390 56850 56960 56320 59900 58480 52990 55930 60890 0
57850 57810 58780 59250 57660 59450 59670 58390 59900 57390 56960 58480 56850 56520 60890 56480 56320 61040 52990 55930 0
58390 58480 57390 58780 59900 57660 59670 56960 57850 56850 55550 57810 60890 55930 60620 59450 59250 52990 53070 61040 54780 53130 56520 61550 56320 15480 0
58480 58390 57390 56960 58780 55550 56850 57660 55930 59900 59670 54780 53130 57850 53070 52990 60620 57810 60890 56520 15480 53700 56320 59250 61550 59450 53730 0
58780 57850 59670 58390 57660 59900 57810 57390 58480 59450 59250 56960 60890 56850 61040 56520 55930 60620 52990 55550 56320 56480 53070 0
59250 59450 57850 57810 58780 59670 57660 59900 56480 58390 60890 56520 57390 61040 56960 56850 58480 0
59450 59250 57850 57810 59670 58780 57660 59900 60890 61040 58390 57390 56480 58480 0
59670 59900 58780 60890 57850 59450 58390 61040 59250 57810 57660 58480 57390 60620 62480 56960 56850 0
59900 59670 60890 58780 58390 61040 60620 57850 58480 59450 57390 57660 62480 59250 57810 61550 56960 62900 56850 61820 0
60620 61550 61820 59900 60890 62900 61040 15480 58390 62480 63530 59670 58480 58780 63580 14711 57390 0
60890 61040 59900 59670 62480 60620 58780 62900 58390 59450 57850 59250 61550 58480 61820 57810 57660 57390 0
61040 60890 62480 59900 59670 62900 60620 59450 58780 58390 57850 61820 59250 61550 0
61550 60620 61820 63530 15480 63580 62900 14711 59900 60890 16270 61040 58390 62480 58480 64900 0
61820 61550 62900 63530 60620 63580 64900 62480 15480 60890 61040 59900 0
62480 61040 62900 60890 59900 60620 59670 61820 61550 0
62900 62480 61820 60620 61040 60890 61550 59900 63530 64900 63580 0
63530 63580 61820 61550 64900 16270 15480 14711 60620 62900 8720 66070 0
63580 63530 64900 61820 61550 66070 16270 67150 60620 62900 14711 15480 8720 0
64900 66070 63580 63530 67150 61820 62900 61550 0
66070 67150 64900 63580 69230 68420 63530 71810 0
67150 66070 69230 64900 68420 69960 71810 63580 0
68420 69230 10300 67150 69960 66070 0
69230 69960 68420 67150 66070 71810 0
69960 69230 71810 68420 67150 72650 75020 0
71810 75020 69960 72650 69230 67150 66070 0
72650 75020 74320 71810 74530 69960 76250 76380 0
74320 74530 72650 76380 76250 75020 0
74530 74320 76380 76250 72650 77180 0
75020 72650 71810 74320 69960 76250 0
76250 76380 76470 74530 74320 77180 72650 78250 75020 0
76380 76250 74530 76470 74320 77180 78250 72650 0
76470 78250 77180 76250 76380 78350 78370 80340 0
77180 78250 76470 78350 78370 76380 76250 80340 74530 0
77270 77180 76470 78250 76380 78370 78350 76250 74530 0
78250 78350 77180 76470 78370 80340 76380 76250 0
78350 78370 78250 77180 76470 80340 80850 0
78370 78350 78250 77180 76470 80340 80850 81770 0
80340 78250 78350 76470 78370 77180 0
80850 81370 81770 82530 82840 78350 78370 0
81370 80850 82530 81770 82840 83300 83520 0
81770 81370 80850 82840 82530 78370 0
82530 82840 83300 81370 83520 80850 81770 0
82840 82530 83520 83300 81370 80850 81770 0
83300 83520 82530 82840 84070 81370 0
83520 83300 82840 82530 84070 84190 81370 0
84070 84190 83520 83300 86950 86850 0
84190 84070 83520 0
86850 86950 84070 0
86950 86850 84070 0
88660 91080 90650 0
90650 91080 88660 0
91080 90650 88660 0
91400 91080 90650 88660 0
91600 91080 90650 92910 0
92750 92910 94130 0
92910 92750 94130 0
94130 92750 92910 0
96600 96970 0
96970 96600 0
99120 99500 96970 0
99500 0
