         180         250        6620        6440 0
         250        6440          60         180 0
         290         420        7010         180 0
         420          60         610         290 0
         610         700        7910        7660 0
         700         420         730         610 0
         730         700          60       10800 0
         770         810        7910         610 0
         810         770         730       10300 0
        1080       17000       30000        1130 0
        1230        1650        3190        1130 0
        1650        1950        1130        2910 0
        1950        2910        2610        1650 0
        2610        2910        2650        1950 0
        2650        5590       11050        2610 0
        3190       17500       17150        1230 0
        3780       17500        4040       17741 0
        4040       18160        3780        2610 0
        4440        4740        4460       18160 0
        4460        4440        4780       20301 0
        4740        2650        4780        4440 0
        4780       11050       11120        4740 0
        5590        6020       11050        2910 0
        6020        6440        6620       11120 0
        6620        6020        7010       12290 0
        7010        6620        7660       12680 0
        7660        7010         420        8450 0
        7910         770        9580        8450 0
        8450        7660        8720       13420 0
        8720        8450        8770       13420 0
        8770        9870       16610        8720 0
        9580        7910        9870        8770 0
        9870        9580       66850        8770 0
       10300         810         730       10800 0
       10380         770       10600        9580 0
       10600       10800       67770       10380 0
       10800       10300       68840       10600 0
       11050        5590       11120        4780 0
       11120        4780       11050       11500 0
       11500       12290       12520       11710 0
       11710       24210       11500       22730 0
       11900       12600       12680       21680 0
       12290        6020       12320       11500 0
       12320       12600       12290        7010 0
       12520       12550       11500       12320 0
       12550       12600       11500       12520 0
       12600        7010       11900       12320 0
       12680       12600        7010       13050 0
       13050       12680       13140       21680 0
       13140       13310       13450       13700 0
       13310        7010        7660       13140 0
       13420       13310        8450       13450 0
       13450        8720       14050       13420 0
       13670       13700       14711       23560 0
       13700       23500       13050       13670 0
       14050       16270       13670       13450 0
       14550       16790       14711       14580 0
       14580       14550       14711       16270 0
       14711       15430       13670       14580 0
       15430       23560       15660       54600 0
       15660       16790       15730       15430 0
       15730       58390       15660       60500 0
       16270       14050        8770       14580 0
       16560       14550       16610       16740 0
       16610       63750       16560        8770 0
       16740       16560       16610       16790 0
       16790       16740       61550       15660 0
       17000       17150       27450        1080 0
       17150       17000       17500       27450 0
       17500        3780       17150        3190 0
       17741        3780       19710       26990 0
       18160       18700       17741        4040 0
       18500        4460       20301       18950 0
       18700       18160        4440       18950 0
       18950       18700       18500       19610 0
       19610       18950       24100       19710 0
       19710       19610       26900       17741 0
       20301        4460       11710       24100 0
       21680       11900       12680       22840 0
       22730       22790       24710       24210 0
       22790       21680       22840       22730 0
       22840       22790       21680       23160 0
       23160       24960       22840       23420 0
       23390       24960       23420       25100 0
       23420       23160       21680       23500 0
       23500       23420       13700       23560 0
       23560       23500       15430       54600 0
       24100       26161       20301       24210 0
       24210       24600       24100       24710 0
       24600       26240       24210       26380 0
       24710       24210       22730       26380 0
       24890       24710       24960       26380 0
       24960       25320       24890       23390 0
       25100       23390       54600       25260 0
       25260       25100       54600       25630 0
       25320       29790       24960       25260 0
       25630       25260       49800       29790 0
       26161       24100       26240       26900 0
       26240       26161       24600       28921 0
       26380       29310       24600       24710 0
       26900       26990       19710       26161 0
       26990       17741       26900       27301 0
       27301       17150       26990       27770 0
       27450       27770       27600       17000 0
       27600       27450       30000       17000 0
       27770       27301       27800       27450 0
       27800       30000       27770       30260 0
       28380       26161       30860       30220 0
       28921       26240       24600       28922 0
       28922       30860       28921       31080 0
       29310       26380       29790       31080 0
       29790       29310       25320       25630 0
       30000       27600       35090        1080 0
       30220       28380       30260       27800 0
       30260       27800       32780       30000 0
       30860       31410       32200       28921 0
       31080       29310       31660       31410 0
       31410       31620       30860       31080 0
       31570       33250       31620       31660 0
       31620       31570       31410       31660 0
       31660       49800       31620       29790 0
       32200       30220       32320       34900 0
       32320       32200       31410       32850 0
       32780       32200       34600       30260 0
       32850       32320       37500       34900 0
       32890       32850       33250       37500 0
       33250       31570       40880       32890 0
       33890       40880       31660       46450 0
       34600       32780       34900       35200 0
       34900       34600       32200       32850 0
       35090       35200       36060       30000 0
       35200       37650       35090       34600 0
       36060       36490       38450       36200 0
       36200       38140       39040        1130 0
       36490       36060       35090       36560 0
       36560       36490       35200       38800 0
       37300       37500       37650       34900 0
       37500       37740       32850       32890 0
       37650       37300       37740       38800 0
       37740       37650       37500       40200 0
       38140       38421       39040       36200 0
       38380       41200       38421       39690 0
       38421       38450       39040       38140 0
       38450       36490       38600       38421 0
       38600       38800       38380       38450 0
       38800       38600       37650       39690 0
       39220       41670       41770       39040 0
       39690       38380       38800       41480 0
       40200       40271       41550       37740 0
       40271       37740       40420       40200 0
       40420       40880       46300       40271 0
       40880       33890       40420       33250 0
       41200       38380       41670       39220 0
       41480       41550       42520       41200 0
       41550       41480       40200       42940 0
       41670       41200       41860       41820 0
       41820       41670       41860       41770 0
       41860       41820       41670       42250 0
       42250       42720       42650       41860 0
       42520       41550       42810       41480 0
       42650       42720       42160       42250 0
       42720       42520       43010       42250 0
       42810       42520       42920       43010 0
       42920       44520       42810       42940 0
       42940       41550       42950       42920 0
       42950       46150       42940       40420 0
       43010       43360       42720       42810 0
       43360       43010       43980       42160 0
       43980       43360       44080       42160 0
       44160       43980       44300       44080 0
       44300       44800       44560       44160 0
       44480       44520       43980       43360 0
       44520       44480       42810       44800 0
       44560       44800       44610       44300 0
       44610       44560       45870       47300 0
       44800       45600       44560       44520 0
       45600       44800       42920       45870 0
       45870       46150       46910       45600 0
       46150       46610       45870       46300 0
       46300       40420       40880       46610 0
       46450       47750       46300       33890 0
       46610       46300       47820       46150 0
       46850       47820       46910       46610 0
       46910       45870       46850       47090 0
       47090       46910       47450       47300 0
       47450       47090       48250       47300 0
       47750       47820       46450       49351 0
       47820       46610       47750       48500 0
       48250       50500       47300       47450 0
       48500       49351       50150       47820 0
       49070       49550       50070       49351 0
       49351       47750       49550       49070 0
       49550       49631       49070       49351 0
       49631       53180       49550       49750 0
       49750       53700       49631       49800 0
       49800       31660       49750       33890 0
       50070       49550       50080       49070 0
       50080       50310       50070       51470 0
       50150       48500       50310       50500 0
       50310       50540       50080       51250 0
       50500       50540       56400       48250 0
       50540       50500       50310       52400 0
       51250       52290       52400       51470 0
       51470       50080       51530       51250 0
       51530       51470       49550       53180 0
       52170       51250       52220       52290 0
       52220       53160       53070       52170 0
       52290       52170       52970       52601 0
       52400       52601       52750       50540 0
       52601       52290       52750       52400 0
       52750       52930       56400       52400 0
       52860       56520       56420       52930 0
       52930       52601       52860       52750 0
       52970       52290       52990       56320 0
       52990       53070       56850       52970 0
       53070       53101       52990       53160 0
       53101       55730       55820       53070 0
       53130       53700       55550       53101 0
       53160       53130       53070       53180 0
       53180       49631       53160       51530 0
       53700       49631       54120       53180 0
       54120       53700       54600       55550 0
       54600       25100       23560       54120 0
       55550       55670       55730       54120 0
       55670       55550       15730       55820 0
       55730       55550       55820       53101 0
       55820       56850       55730       57390 0
       56280       52970       56780       56320 0
       56320       52860       56280       56520 0
       56420       57810       56480       56520 0
       56520       56320       56780       56420 0
       56780       56280       57420       56520 0
       56850       53101       57420       52990 0
       57390       55820       58320       57480 0
       57420       57660       56780       57480 0
       57480       57990       57420       57390 0
       57660       57420       57990       57810 0
       57810       59250       56420       57850 0
       57850       59610       59250       57940 0
       57940       58780       57850       57990 0
       57990       57480       58070       57660 0
       58070       58390       58780       57990 0
       58320       55670       58390       57390 0
       58390       58320       58960       58900 0
       58780       59610       58070       59900 0
       58900       58390       58960       58780 0
       58960       60400       59900       58900 0
       59610       59450       58780       59900 0
       59900       60890       58780       58960 0
       60400       60800       59900       60500 0
       60500       15730       60620       60400 0
       60620       61350       60500       61550 0
       60800       61180       60890       60400 0
       60890       60990       59900       60800 0
       60990       59450       60890       62480 0
       61180       62700       60800       61350 0
       61350       61820       61180       60620 0
       61550       61820       60620       16790 0
       61820       62160       61350       63100 0
       62160       62900       61820       64550 0
       62700       62480       62900       65600 0
       62900       62700       62160       64460 0
       63100       64550       61820       63420 0
       63420       63530       63580       63100 0
       63530       63580       63420       16790 0
       63580       66580       63420       63530 0
       63705       66580       63750       66730 0
       63750        9870       63705       16610 0
       64460       65230       62900       64550 0
       64550       64460       61820       63100 0
       64800       64870       63420       63580 0
       64870       65230       64800       64900 0
       64900       66620       66210       64870 0
       65230       65600       64870       65270 0
       65270       66070       65230       66210 0
       65600       71850       62700       65230 0
       66070       66150       65270       66210 0
       66150       67150       71550       66070 0
       66210       66070       65270       66620 0
       66580       63705       66620       63580 0
       66620       66730       66210       66580 0
       66730       67280       66620       66850 0
       66850       67560       66730        9870 0
       67150       68270       71280       66150 0
       67280       67540       66210       66620 0
       67540       67560       68270       67280 0
       67560       67770       67540       66850 0
       67770       10600       68420       67560 0
       68270       68290       67150       67540 0
       68290       69100       68270       68330 0
       68330       68420       69380       68290 0
       68420       69420       68330       68840 0
       68840       73250       69420       10800 0
       69100       69230       69150       68290 0
       69150       69100       71280       67150 0
       69230       69380       69100       68330 0
       69380       69420       69960       69230 0
       69420       70500       69380       68840 0
       69960       70150       71200       69230 0
       70150       70480       71000       69960 0
       70480       70820       70150       70500 0
       70500       69420       73250       70480 0
       70820       70850       72250       71000 0
       70850       70930       70500       73250 0
       70930       73550       72650       70850 0
       71000       70820       72060       71200 0
       71200       71000       71280       69960 0
       71280       71750       67150       69150 0
       71550       71780       65600       66150 0
       71750       71200       71780       71280 0
       71780       71900       71850       71750 0
       71810       71750       72060       71900 0
       71850       62480       65600       75410 0
       71900       71990       71850       71810 0
       71990       75410       71900       75020 0
       72060       72100       71810       71000 0
       72100       75020       71990       72060 0
       72250       72650       72100       70820 0
       72650       75020       72250       73550 0
       73500       77850       73800       73250 0
       73550       70930       74350       72650 0
       73800       77850       74530       73500 0
       74350       74530       73550       73800 0
       74530       77425       74350       73800 0
       75020       75410       72250       72650 0
       75100       76100       75020       72650 0
       75410       71850       71990       76450 0
       76100       76450       75100       76380 0
       76380       76470       76100       77270 0
       76450       80610       75410       76470 0
       76470       76530       76450       76380 0
       76530       78250       76470       77180 0
       77180       78180       78250       77270 0
       77270       77850       77180       77425 0
       77425       77850       76380       74530 0
       77850       78770       73500       73250 0
       78180       78350       77180       78370 0
       78250       80200       76530       78350 0
       78350       80200       78180       78370 0
       78370       79480       78180       78610 0
       78610       78180       77180       78800 0
       78770       79762       78800       77850 0
       78800       78610       78770       78370 0
       79480       79762       80200       78370 0
       79762       81770       79480       78770 0
       80200       80740       80610       78350 0
       80610       85891       76450       80200 0
       80740       82290       80610       80200 0
       81680       81730       82260       81770 0
       81770       81680       79762       81730 0
       82260       81900       82840       82290 0
       82290       85891       80740       82260 0
       82530       82840       83300       82260 0
       82840       83520       82530       81900 0
       83300       83520       85410       82530 0
       83520       83710       83300       82840 0
       83710       84960       85410       83520 0
       84190       88100       83710       81900 0
       84960       87640       83710       84190 0
       85410       86740       83300       86500 0
       85540       86740       85891       85410 0
       86500       86950       85410       87640 0
       86950       86740       86500       87110 0
       87640       87110       86500       84960 0
       88100       89500       84190       89950 0
       88200       89110       88460       89350 0
       88460       87110       88200       90490 0
       89110       91080       88200       90200 0
       89350       89110       89500       90200 0
       89500       88200       88100       89350 0
       89950       91380       88100       93700 0
       90200       91380       91080       89350 0
       90400       90490       90450       91270 0
       90450       90400       89110       91080 0
       90490       87110       90400       90650 0
       91080       91270       90450       90200 0
       91270       90650       91380       91740 0
       91380       91270       89950       93700 0
       91700       90650       92350       94280 0
       91740       91700       91270       92350 0
       92350       93301       93140       91740 0
       93140       94180       92350       93301 0
       93301       97350       93140       93700 0
       93700       93301       91380       93900 0
       94180       94280       95350       94900 0
       94900       96220       94180       95610 0
       95350       95610       93140       97110 0
       95610       94900       97110       96970 0
       96220       96600       95610       96800 0
       96800       96600       96970       99120 0
       96970       96800       97110       99330 0
       97110       96970       95350       97251 0
       97251       97110       93900       99330 0
       97350       97251       93301       93700 0
       99120       98550       96800       99330 0
